('ops', 'acc', 'layer structure')
(111950, 0.9730800000000001, [100, 90, 80, 70, 60, 50, 40, 30, 20])
(111430, 0.9747, [100, 90, 80, 70, 60, 50, 40, 30])
(110300, 0.9729000000000001, [100, 90, 80, 70, 60, 50, 40])
(108360, 0.9734999999999999, [100, 90, 80, 70, 60, 50])
(105410, 0.9730000000000001, [100, 90, 80, 70, 60])
(54250, 0.9687000000000001, [60, 50, 40, 30, 20])
(66360, 0.97014, [70, 60, 50, 40, 30, 20])
(79880, 0.9712, [80, 70, 60, 50, 40, 30, 20])
(95010, 0.9730799999999998, [90, 80, 70, 60, 50, 40, 30, 20])
