('ops', 'acc', 'layer structure')
(107000, 0.9730800000000001, [100, 90, 80, 70, 60, 50, 40, 30, 20])
(106700, 0.9747, [100, 90, 80, 70, 60, 50, 40, 30])
(105900, 0.9729000000000001, [100, 90, 80, 70, 60, 50, 40])
(104400, 0.9734999999999999, [100, 90, 80, 70, 60, 50])
(102000, 0.9730000000000001, [100, 90, 80, 70, 60])
(52640, 0.9687000000000001, [60, 50, 40, 30, 20])
(64080, 0.97014, [70, 60, 50, 40, 30, 20])
(76820, 0.9712, [80, 70, 60, 50, 40, 30, 20])
(91060, 0.9730799999999998, [90, 80, 70, 60, 50, 40, 30, 20])
